42248, 04311
24662, 04309
60736, 04309
60736, 04309
60736, 04309
60736, 04309
60736, 04309
42248, 04311
42648, 04309
60736, 04309
60736, 04309
01563, 04321
01563, 04321
59008, 04309
42248, 04311
21006, 04312
42248, 04311
42248, 04311
10216, 04309
42657, 04294
42248, 04311
42248, 04311
42248, 04311
60675, 04309
23601, 04309
42248, 04311
42248, 04311
42248, 04311
54232, 04309
22028, 04309
42248, 04311
55228, 04323
64032, 04309
63132, 04309
63132, 04309
64033, 04309
63532, 04309
23622, 04309
42637, 04305
42637, 04305
42248, 04311
42248, 04311
42248, 04311
42248, 04311
60736, 04309
24662, 04309
63863, 04325
40248, 04325
25592, 04325
25592, 04325
25592, 04325
25592, 04325
40248, 04325
01633, 04326
01371, 04323
53297, 04309
53257, 04311
53257, 04311
60736, 04309
23638, 04309
11528, 04309
11528, 04309
11528, 04309
11528, 04309
11528, 04309
11528, 04309
11528, 04309
11528, 04309
11528, 04309
11528, 04309
11528, 04309
59587, 04323
59587, 04323
51496, 04309
23622, 04309
42248, 04311
60736, 04309
60736, 04309
57097, 04306
57108, 04329
57106, 04329
42248, 04311
60286, 04311
23681, 04304
60286, 04311
56846, 04321
55358, 04321
61923, 04322
42248, 04311
42248, 04311
42248, 04311
27528, 04311
40876, 04312
50042, 04306
26212, 04305
23622, 04309
60286, 04311
42247, 04311
42248, 04311
27526, 04311
59018, 04311
59018, 04311
24673, 04303
41977, 04309
42248, 04311
42248, 04311
42248, 04311
25456, 04323
42248, 04311
60286, 04311
52316, 04307
52316, 04307
52318, 04307
24028, 04307
60286, 04311
23472, 04304
03451, 04304
65028, 04311
60286, 04311
60286, 04311
23622, 04309
02261, 04302
26212, 04305
46321, 04311
60736, 04309
23601, 04309
23601, 04309
10217, 04309
23681, 04304
26006, 04326
60828, 04326
26006, 04326
26006, 04326
63122, 04321
42248, 04311
60286, 04311
22582, 04307
22582, 04307
22582, 04307
43786, 04307
42248, 04311
23622, 04309
42248, 04311
42248, 04311
60286, 04311
60836, 04305
42248, 04311
42248, 04311
23581, 04309
53216, 04312
61531, 04312
41808, 04312
20013, 04311
53691, 04293
42247, 04311
64713, 04310
64713, 04310
64713, 04310
64713, 04310
62032, 04309
59008, 04309
59008, 04309
59008, 04309
42248, 04311
42248, 04311
42248, 04311
42248, 04311
42248, 04311
42248, 04311
64221, 04310
23533, 04309
54426, 04309
23531, 04309
23512, 04309
63711, 04311
60738, 04309
56753, 04309
24662, 04309
53781, 04309
63377, 04309
53257, 04311
42248, 04311
42248, 04311
25672, 04303
42248, 04311
40617, 04309
21458, 04309
10217, 04309
60286, 04311
60286, 04311
10217, 04309
42248, 04311
42648, 04309
22721, 04309
42648, 04309
10217, 04309
59008, 04309
23533, 04309
42108, 04309
42248, 04311
41271, 04309
42108, 04309
23533, 04309
23533, 04309
59008, 04309
42108, 04309
60616, 04311
60286, 04311
47301, 04304
40798, 04322
61246, 04304
42248, 04311
10217, 04309
42248, 04311
42248, 04311
42248, 04311
42248, 04311
42248, 04311
23581, 04309
24903, 04309
56961, 01161
22261, 01161
23553, 04311
23531, 04309
23533, 04309
23533, 04309
23533, 04309
42307, 04309
42478, 04305
42248, 04311
52271, 04304
60286, 04311
42248, 04311
55488, 04321
42248, 04311
42248, 04311
42248, 04311
60736, 04309
10217, 04309
60286, 04311
09826, 01161
23622, 04309
42248, 04311
41232, 04309
59008, 04309
42248, 04311
42248, 04311
42248, 04311
42248, 04311
42248, 04311
53298, 04309
53298, 04309
